POINT_ID,NUTS0,TH_LAT,TH_LONG
27721936,PT,38.861017177,-7.919275727
27782284,PT,41.919712011,-8.75063462
27802290,ES,41.976494226,-8.743701637
27922230,PT,41.479367024,-8.43996296
27922410,ES,43.048739738,-8.939605836
28021912,PT,38.712869707,-7.525104797
28101854,PT,38.218671545,-7.300388487
28101898,PT,38.606173437,-7.402510981
28122020,PT,39.682938787,-7.671810213
28141974,PT,39.282967649,-7.537642753
28162236,PT,41.584049366,-8.175599379
28282104,PT,40.453669527,-7.696563769
28462158,PT,40.964953787,-7.624394478
28502054,PT,40.060383311,-7.321010332
28522268,ES,41.94107921,-7.837662302
28682036,PT,39.938820603,-7.071886079
28742340,ES,42.617585205,-7.767835052
28742452,ES,43.595962442,-8.073167366
28762292,ES,42.201809477,-7.617404297
28902304,ES,42.336162182,-7.482950013
28902346,ES,42.703816118,-7.593197457
28942306,ES,42.362004212,-7.440723215
28962280,ES,42.138366244,-7.349852949
29001862,ES,38.467915735,-6.312725995
29002338,ES,42.654701528,-7.452931812
29022196,PT,41.413831715,-7.06735985
29082414,ES,43.336417486,-7.55888963
29202358,ES,42.871272651,-7.266460014
29222176,PT,41.278397794,-6.784619099
29222204,PT,41.524451628,-6.852970121
29242394,ES,43.194761587,-7.313004333
29262336,ES,42.690836445,-7.137705641
29262390,ES,43.163875233,-7.278408138
29381994,ES,39.706671216,-6.175260267
29462254,ES,42.011644844,-6.693554521
29522264,ES,42.111416634,-6.647256592
29642098,ES,40.673855381,-6.112117774
29781800,ES,38.064700255,-5.309770533
29982126,ES,40.9852417,-5.781036398
30022144,ES,41.151536561,-5.775253314
30082172,ES,41.40974345,-5.768964895
30162180,ES,41.495276913,-5.693400349
30182010,ES,39.997334509,-5.294469939
30182268,ES,42.274573685,-5.874198067
30202126,ES,41.026195644,-5.524663485
30282102,ES,40.828922073,-5.378354539
30282134,ES,41.111571279,-5.449143641
30302194,ES,41.644819812,-5.560716017
30322070,ES,40.553377725,-5.262113177
30361984,ES,39.799577783,-5.033089771
30362262,ES,42.255557497,-5.646194094
30381990,ES,39.856278253,-5.022715737
30382400,ES,43.474122139,-5.951994346
30402190,ES,41.627986725,-5.433925302
30423440,IE,52.543696523,-9.106098207
30442186,ES,41.600022454,-5.377838849
30443528,IE,53.307038242,-9.424018624
30462066,ES,40.543248736,-5.09135271
30501926,ES,39.310267067,-4.753987568
30502142,ES,41.222365466,-5.209657782
30502260,ES,42.263917403,-5.475114544
30522160,ES,41.385011664,-5.225901733
30542250,ES,42.183094055,-5.404630786
30602144,ES,41.258075765,-5.096964888
30603550,IE,53.534606103,-9.279291999
30622096,ES,40.837222057,-4.96981272
30682152,ES,41.343129249,-5.020649363
30742392,ES,43.471468645,-5.496152364
30921856,ES,38.760509186,-4.1401297
30942240,ES,42.167145591,-4.906824713
30982178,ES,41.626168318,-4.724181032
31002074,ES,40.70898677,-4.48153602
31182116,ES,41.111981492,-4.358406655
31241954,ES,39.684809917,-3.964636552
31341998,ES,40.092212213,-3.935288257
31342280,ES,42.590904614,-4.51737985
31402008,ES,40.190935071,-3.885595608
31422184,ES,41.755167389,-4.217410706
31442278,ES,42.590490448,-4.393241911
31482352,ES,43.251506026,-4.507168455
31561942,ES,39.630408,-3.575179581
31582106,ES,41.090531424,-3.86987493
31601954,ES,39.743579288,-3.551891943
31622196,ES,41.895126803,-4.005515024
31682224,ES,42.153210196,-3.992192094
31702244,ES,42.333696334,-4.010006871
31782238,ES,42.293883246,-3.902030557
31782306,ES,42.895991715,-4.044793249
31801848,ES,38.831351548,-3.129901501
31802242,ES,42.332638392,-3.886439319
31882034,ES,40.499728982,-3.379884848
31882250,ES,42.416747628,-3.807373481
31922054,ES,40.683874163,-3.371402643
31962040,ES,40.565762152,-3.298305043
31962052,ES,40.672446798,-3.321026028
32001990,ES,40.12729137,-3.158565782
32003588,UK,54.17916085,-7.358036078
32041894,ES,39.278468979,-2.938850401
32042038,ES,40.560583515,-3.201545141
32043632,UK,54.569830878,-7.462780331
32101956,ES,39.840117871,-2.981185017
32143664,UK,54.869191995,-7.433095899
32182266,ES,42.607475577,-3.480635467
32302088,ES,41.045780418,-2.991739169
32303604,IE,54.381768398,-6.967758336
32322358,ES,43.445436244,-3.500200013
32342152,ES,41.620929573,-3.065656004
32401964,ES,39.957051336,-2.650042804
32402336,ES,43.263356556,-3.357599234
32442278,ES,42.755367337,-3.192171588
32462114,ES,41.301646929,-2.852404278
32462928,FR,48.499579643,-4.651008047
32482188,ES,41.962547037,-2.968540631
32503682,UK,55.102153679,-6.952994708
32521974,ES,40.064132821,-2.529198498
32562928,FR,48.517288656,-4.51786086
32603634,UK,54.705137847,-6.624347875
32702290,ES,42.902447865,-2.902366938
32702916,FR,48.436189343,-4.300663452
32761750,ES,38.098019899,-1.882800546
32761804,ES,38.5811406,-1.968942122
32781754,ES,38.136630652,-1.86665506
32783684,UK,55.177589005,-6.531957606
32823584,UK,54.313715098,-6.115473141
32862214,ES,42.251573472,-2.564741205
32941918,ES,39.625498652,-1.950043712
33022296,ES,43.004432745,-2.527097845
33083290,UK,51.790337284,-4.79883521
33102208,ES,42.233804665,-2.266740509
33121802,ES,38.613399249,-1.558574806
33142172,ES,41.919201453,-2.153898067
33142928,FR,48.616851275,-3.743953354
33161828,ES,38.851567203,-1.553850537
33222130,ES,41.556617454,-1.984572652
33242206,ES,42.236380629,-2.095707319
33262216,ES,42.328287594,-2.08979387
33301984,ES,40.265419578,-1.643361318
33302174,ES,41.960052474,-1.967014595
33323310,UK,52.009042457,-4.514310935
33401860,ES,39.170485923,-1.330481782
33402256,ES,42.704472935,-1.993842722
33442126,ES,41.552063835,-1.717318829
33502230,ES,42.487246169,-1.826940903
33502262,ES,42.772163471,-1.884043818
33502910,FR,48.517004857,-3.219531971
33601840,ES,39.017999431,-1.071827817
33602836,FR,47.879006048,-2.915652999
33662144,ES,41.74304779,-1.487087881
33682204,ES,42.280774873,-1.565555579
33702904,FR,48.495788635,-2.938393341
33841756,ES,38.295945515,-0.676525916
34022224,ES,42.505348903,-1.19147443
34043708,UK,55.631157591,-4.668721445
34061976,ES,40.295101116,-0.748361025
34342872,FR,48.309641983,-2.013239456
34382704,FR,46.825387101,-1.615823828
34402788,FR,47.573616757,-1.758394842
34484024,UK,58.482121789,-5.070653479
34562444,FR,44.537756431,-0.905954812
34583180,UK,51.071176122,-2.380759952
34602236,ES,42.687756765,-0.512000666
34722052,ES,41.057258031,-0.089492642
34722564,FR,45.627232714,-0.916191017
34762024,ES,40.811304845,-0.002098396
34782440,FR,44.530602201,-0.625043325
34803328,UK,52.412660306,-2.429217585
34842440,FR,44.538243842,-0.550278261
34842772,FR,47.492699684,-1.148187148
34902532,FR,45.365706943,-0.631742714
35143624,UK,55.078988668,-2.706505544
35342572,FR,45.777271318,-0.141173813
35542080,ES,41.402273941,0.839732943
35623288,UK,52.177542478,-1.145751905
35742544,FR,45.575141956,0.413416569
35742684,FR,46.82387141,0.186719923
35763348,UK,52.728636629,-1.076882068
35782500,FR,45.1869171,0.532408864
35823848,UK,57.162629438,-2.270006217
35842852,FR,48.332450134,0.029586947
35902440,FR,44.664389884,0.77343785
35962788,FR,47.776760725,0.300392348
36022880,FR,48.603392613,0.221745806
36023904,UK,57.688061682,-2.105901147
36062888,FR,48.679388656,0.261596204
36103304,UK,52.383398934,-0.48388866
36403236,UK,51.816825736,0.0891586
36422860,FR,48.471397281,0.793570562
36482692,FR,46.978961727,1.138249282
36602168,ES,42.300460691,1.994145249
36602680,FR,46.884548115,1.312787285
36602816,FR,48.09875014,1.105314825
36722872,FR,48.611353178,1.177863923
36742132,ES,41.990470097,2.20452369
36822728,FR,47.336234658,1.530230188
36822808,FR,48.050728521,1.411090615
36962780,FR,47.815086392,1.639096866
36962888,FR,48.77949781,1.476959801
37021864,ES,39.604382661,2.821078196
37042444,FR,44.817101398,2.197584603
37202200,FR,42.642833625,2.681821953
37262620,FR,46.41372511,2.253400193
37263308,UK,52.556802128,1.202509548
37302548,FR,45.772834596,2.396861329
37342440,FR,44.808769272,2.579528998
37422532,FR,45.640413131,2.569941073
37462484,FR,45.213843016,2.678598662
37542988,FR,49.730519626,2.119267131
37562596,FR,46.226208105,2.671259236
37603068,FR,50.450820628,2.083910885
37643040,FR,50.204607074,2.181536144
37722720,FR,47.35067644,2.725908175
37762576,FR,46.064413595,2.95285237
37822528,FR,45.639218978,3.085148653
37942824,FR,48.300751004,2.887252079
37963072,FR,50.520375609,2.582988447
37982432,FR,44.791104693,3.393224123
37982920,FR,49.163148996,2.81769963
38102884,FR,48.851423707,3.027383703
38242440,FR,44.883125191,3.71223621
38382628,FR,46.580687915,3.69628978
38382920,FR,49.196885275,3.364233082
38403148,BE,51.238448352,3.100785415
38422548,FR,45.866052277,3.831355864
38462884,FR,48.880964669,3.516250709
38462980,FR,49.74042451,3.400981706
38662828,FR,48.39471436,3.850317144
38742988,FR,49.833999891,3.77898099
38843148,NL,51.27405273,3.728915529
38962368,FR,44.286482489,4.681657938
39002980,FR,49.781543665,4.148135877
39082844,FR,48.568199821,4.399932329
39082924,FR,49.28536531,4.318055661
39123148,NL,51.294945725,4.129083949
39162376,FR,44.370944979,4.924843153
39302564,FR,46.06943681,4.947886752
39622968,FR,49.715057454,5.018471156
39662924,FR,49.322807597,5.113722559
39663000,BE,50.004471943,5.044290447
39702652,FR,46.883410273,5.395748932
39722956,FR,49.61342666,5.167642917
39822308,FR,43.795768561,5.795445266
39842964,BE,49.692169625,5.326453732
40062624,FR,46.650821414,5.886705567
40202720,FR,47.520471709,6.003904299
40203220,NL,52.008435472,5.613345258
40242656,FR,46.947211576,6.100185466
40242972,LU,49.785492907,5.873915889
40383004,LU,50.079651315,6.044434091
40383212,NL,51.946110486,5.881727167
40422696,FR,47.315053833,6.310912668
40462684,FR,47.208962481,6.371248695
40463164,NL,51.519443567,6.035839691
40523072,DE,50.696680449,6.190905493
40722724,FR,47.579510287,6.691060877
40722904,FR,49.197024826,6.58298288
40782952,DE,49.630659234,6.635591797
40783116,DE,51.103269033,6.529183286
40883024,DE,50.28135716,6.73005161
41002792,FR,48.201502103,7.027442418
41262848,FR,48.713800806,7.350457091
41403332,DE,53.066138341,7.299351842
41702388,IT,44.585758955,8.102024033
41722836,DE,48.619015221,7.979524844
42142500,IT,45.603664921,8.630341631
42302900,DE,49.206106483,8.751426563
42343264,DE,52.478422338,8.719470174
42361916,IT,40.334698238,9.004634573
42403740,DK,56.756267413,8.676970655
42422916,DE,49.351697051,8.912862918
42481804,IT,39.321885947,9.158402836
42482432,IT,44.99563163,9.075803394
42582784,DE,48.166297253,9.153448465
42583708,DK,56.471321536,8.978617145
42762756,DE,47.91594783,9.398293076
42942484,IT,45.467790801,9.655259526
43022720,DE,47.593324832,9.747538929
43042464,IT,45.287898385,9.783647793
43123060,DE,50.651655746,9.872746631
43223108,DE,51.083214431,10.014270819
43223464,DE,54.282547688,10.015349983
43283124,DE,51.226992404,10.100207367
43642944,DE,49.607186435,10.59482816
43663344,DE,53.20234359,10.673380307
43942772,DE,48.05721997,10.978829721
44162896,DE,49.169513457,11.302491896
44262988,DE,49.994982828,11.464312853
44263348,DE,53.229944225,11.572342475
44302456,IT,45.20690414,11.385262314
44502448,IT,45.131168355,11.637247943
44542404,IT,44.733847843,11.676077167
44602480,IT,45.417415354,11.773336713
44883756,SE,56.878146039,12.737062828
44903340,DE,53.141854642,12.525927872
45022772,DE,48.034829981,12.426312897
45083316,DE,52.920441396,12.780879967
45223664,SE,56.039369317,13.223814489
45363776,SE,57.038844028,13.539412079
45382568,IT,46.18819758,12.808329961
45402052,IT,41.535604701,12.6144919
45423112,DE,51.076312699,13.15450954
45502788,AT,48.162598493,13.077867539
45503440,DE,54.017202946,13.494484054
45721640,IT,37.796286829,12.829483138
45744436,SE,62.946115968,14.96475625
45762552,IT,46.030188066,13.290802986
45782284,IT,43.615905683,13.176842916
45843132,DE,51.237987549,13.767757722
45843316,DE,52.8890102,13.909337124
45883284,DE,52.599985882,13.942741608
45942792,AT,48.180463915,13.67105615
45983188,DE,51.733799919,14.011919883
46001632,IT,37.713832793,13.141542835
46144012,SE,59.114101357,15.109378594
46163388,PL,53.518230573,14.450140835
46203352,PL,53.193228274,14.476506302
46243284,DE,52.58127969,14.473175454
46303208,DE,51.896441219,14.492196194
46383324,PL,52.931961819,14.717864861
46482152,IT,42.395775369,13.960412658
46524096,SE,59.84073517,15.896820197
46563856,SE,57.687442678,15.615584057
46601592,IT,37.326421748,13.796401196
46603132,DE,51.197711659,14.853932098
46604040,SE,59.332949114,15.950915976
46703240,PL,52.159662658,15.104656959
46743036,CZ,50.328512594,14.96143795
46804612,SE,64.442054483,17.425639065
46863260,PL,52.328544341,15.359481496
46904136,SE,60.168863985,16.640300466
46923916,SE,58.197758381,16.308474187
46924564,SE,64.000291793,17.556179709
46942472,HR,45.253220889,14.747695505
47003108,PL,50.957393994,15.399638979
47144400,SE,62.510344448,17.61210533
47182096,IT,41.854222877,14.766634846
47262540,SI,45.845133661,15.211703873
47284108,SE,59.884836512,17.265275551
47302616,SI,46.525155064,15.330274615
47502520,HR,45.649935246,15.501422381
47703128,PL,51.085706329,16.417447791
47801980,IT,40.770368998,15.416971286
47803160,PL,51.364028534,16.600728059
47902888,CZ,48.921503581,16.406864356
47962792,AT,48.056890557,16.377923579
47963388,PL,53.38894151,17.152101743
48044104,SE,59.772805907,18.600701482
48224872,SE,66.594937396,21.262101676
48323412,PL,53.570146669,17.729292732
48343192,PL,51.603579598,17.419180505
48383836,SE,57.346223858,18.601054807
48602740,HU,47.53847992,17.167135604
48603172,PL,51.400675377,17.762063244
48643208,PL,51.718256393,17.874909983
48662780,HU,47.891219557,17.297305811
48702940,CZ,49.31858304,17.564811389
48761904,IT,40.016933236,16.475716941
48882948,CZ,49.373168022,17.822673196
49023144,PL,51.109279315,18.316712089
49082736,HU,47.459077964,17.795985619
49223448,PL,53.797102165,19.147442074
49263172,PL,51.333911787,18.704712543
49282756,HU,47.618610435,18.087847027
49284876,SE,66.459535924,23.605712022
49323376,PL,53.144756009,19.158819716
49362812,SK,48.111061514,18.274603754
49423488,PL,54.12994284,19.529520507
49503488,PL,54.120436379,19.650921898
49703492,PL,54.13169676,19.962729846
50562676,HU,46.766685775,19.644086751
50823008,PL,49.689853,20.587074838
51322604,RO,46.032466954,20.502409823
51522588,RO,45.8643663,20.729854504
51563528,PL,54.187650763,22.86684106
51782844,HU,48.104341746,21.555496043
52382576,RO,45.640751459,21.801597541
52442824,HU,47.831155457,22.387506522
52581944,EL,39.980372734,20.954552236
52582808,RO,47.66834461,22.53716032
52781900,EL,39.560419723,21.117458401
52841980,EL,40.26789974,21.312004533
52944320,FI,60.85250381,28.074742269
53141784,EL,38.473931743,21.349928867
53222404,BG,43.990643257,22.515979996
53244448,FI,61.887048069,29.280052879
53382792,RO,47.400444571,23.549622705
53522212,BG,42.239781333,22.513196656
53522388,BG,43.802996578,22.852827951
53542764,RO,47.126895063,23.692444542
53582352,BG,43.474338871,22.854545988
53663936,LV,57.364137796,27.549988374
53683864,LV,56.734884573,27.285920932
53742368,BG,43.591403011,23.081798002
53781940,EL,39.778640752,22.331886833
53803788,LV,56.049019429,27.173021152
53861908,EL,39.481381469,22.368958801
53921648,EL,37.147918266,22.01280602
54022384,BG,43.688669602,23.456747434
54221620,EL,36.854061906,22.300365854
54262368,BG,43.507910193,23.715983355
54901712,EL,37.574475157,23.205583301
55622848,RO,47.483673188,26.614501874
55642824,RO,47.269847089,26.571825976
57402280,BG,42.150745072,27.278918182
64001612,CY,34.762472668,32.829301637
