27721936
27782284
27802290
27922230
27922410
28021912
28101854
28101898
28122020
28141974
28162236
28282104
28462158
28502054
28522268
28682036
28742340
28742452
28762292
28902304
28902346
28942306
28962280
29001862
29002338
29022196
29082414
29202358
29222176
29222204
29242394
29262336
29262390
29381994
29462254
29522264
29642098
29781800
29982126
30022144
30082172
30162180
30182010
30182268
30202126
30282102
30282134
30302194
30322070
30361984
30362262
30381990
30382400
30402190
30423440
30442186
30443528
30462066
30501926
30502142
30502260
30522160
30542250
30602144
30603550
30622096
30682152
30742392
30921856
30942240
30982178
31002074
31182116
31241954
31341998
31342280
31402008
31422184
31442278
31482352
31561942
31582106
31601954
31622196
31682224
31702244
31782238
31782306
31801848
31802242
31882034
31882250
31922054
31962040
31962052
32001990
32003588
32041894
32042038
32043632
32101956
32143664
32182266
32302088
32303604
32322358
32342152
32401964
32402336
32442278
32462114
32462928
32482188
32503682
32521974
32562928
32603634
32702290
32702916
32761750
32761804
32781754
32783684
32823584
32862214
32941918
33022296
33083290
33102208
33121802
33142172
33142928
33161828
33222130
33242206
33262216
33301984
33302174
33323310
33401860
33402256
33442126
33502230
33502262
33502910
33601840
33602836
33662144
33682204
33702904
33841756
34022224
34043708
34061976
34342872
34382704
34402788
34484024
34562444
34583180
34602236
34722052
34722564
34762024
34782440
34803328
34842440
34842772
34902532
35143624
35342572
35542080
35623288
35742544
35742684
35763348
35782500
35823848
35842852
35902440
35962788
36022880
36023904
36062888
36103304
36403236
36422860
36482692
36602168
36602680
36602816
36722872
36742132
36822728
36822808
36962780
36962888
37021864
37042444
37202200
37262620
37263308
37302548
37342440
37422532
37462484
37542988
37562596
37603068
37643040
37722720
37762576
37822528
37942824
37963072
37982432
37982920
38102884
38242440
38382628
38382920
38403148
38422548
38462884
38462980
38662828
38742988
38843148
38962368
39002980
39082844
39082924
39123148
39162376
39302564
39622968
39662924
39663000
39702652
39722956
39822308
39842964
40062624
40202720
40203220
40242656
40242972
40383004
40383212
40422696
40462684
40463164
40523072
40722724
40722904
40782952
40783116
40883024
41002792
41262848
41403332
41702388
41722836
42142500
42302900
42343264
42361916
42403740
42422916
42481804
42482432
42582784
42583708
42762756
42942484
43022720
43042464
43123060
43223108
43223464
43283124
43642944
43663344
43942772
44162896
44262988
44263348
44302456
44502448
44542404
44602480
44883756
44903340
45022772
45083316
45223664
45363776
45382568
45402052
45423112
45502788
45503440
45721640
45744436
45762552
45782284
45843132
45843316
45883284
45942792
45983188
46001632
46144012
46163388
46203352
46243284
46303208
46383324
46482152
46524096
46563856
46601592
46603132
46604040
46703240
46743036
46804612
46863260
46904136
46923916
46924564
46942472
47003108
47144400
47182096
47262540
47284108
47302616
47502520
47703128
47801980
47803160
47902888
47962792
47963388
48044104
48224872
48323412
48343192
48383836
48602740
48603172
48643208
48662780
48702940
48761904
48882948
49023144
49082736
49223448
49263172
49282756
49284876
49323376
49362812
49423488
49503488
49703492
50562676
50823008
51322604
51522588
51563528
51782844
52382576
52442824
52581944
52582808
52781900
52841980
52944320
53141784
53222404
53244448
53382792
53522212
53522388
53542764
53582352
53663936
53683864
53742368
53781940
53803788
53861908
53921648
54022384
54221620
54262368
54901712
55622848
55642824
57402280
64001612
